cam0:
  T_cam_imu:
  - [-0.014727338818110586, -0.9997505489706886, -0.016791227594876112, 0.039938237003778305]
  - [-0.05130052290257775, 0.01752642757563294, -0.9985294590979066, -0.11186067996703218]
  - [0.9985746651308847, -0.013844282908206218, -0.05154584357151279, -0.12417107842813298]
  - [0.0, 0.0, 0.0, 1.0]
  cam_overlaps: []
  camera_model: pinhole
  distortion_coeffs: [0.08382439416254173, -0.12969976579269596, 0.01050246520757501, 0.00914606335682514]
  distortion_model: radtan
  intrinsics: [581.1303265478947, 581.467887625284, 343.6828365250734, 273.8167096163441]
  resolution: [640, 480]
  rostopic: /camera/realsense/color/image_raw
  timeshift_cam_imu: 0.023254825488191154
