image_width: 640
image_height: 480
camera_name: front_right
camera_matrix:
  rows: 3
  cols: 3
  data: [398.86385,   0.     , 321.32216,
           0.     , 399.56278, 244.60323,
           0.     ,   0.     ,   1.     ]
distortion_model: plumb_bob
distortion_coefficients:
  rows: 1
  cols: 5
  data: [-0.324593, 0.085494, 0.000286, 0.001314, 0.000000]
rectification_matrix:
  rows: 3
  cols: 3
  data: [1., 0., 0.,
         0., 1., 0.,
         0., 0., 1.]
projection_matrix:
  rows: 3
  cols: 4
  data: [293.2171 ,   0.     , 324.61852,   0.     ,
           0.     , 343.93542, 246.02136,   0.     ,
           0.     ,   0.     ,   1.     ,   0.     ]
