cam0:
  T_cam_imu:
  - [0.9999901883030032, 0.0020998282198268488, 0.0039005152445900694, 0.0561570258856843]
  - [0.003931969820687281, -0.015189893300770696, -0.9998768958000992, -0.032057583438901464]
  - [-0.0020403213117705632, 0.9998824220191895, -0.015198000723329108, -0.06964223742267586]
  - [0.0, 0.0, 0.0, 1.0]
  cam_overlaps: []
  camera_model: pinhole
  distortion_coeffs: [-0.3412642563474857, 0.10257232582980398, -0.00028809179845492135, 0.0005031282730652747]
  distortion_model: radtan
  intrinsics: [396.5999364098406, 396.4209082227211, 326.34870176643096, 239.38795467864827]
  resolution: [640, 480]
  rostopic: /camera/side_left/image_raw
  timeshift_cam_imu: -0.0047022182460895665
