cam0:
  cam_overlaps: []
  camera_model: pinhole
  distortion_coeffs: [-0.3244079019356779, 0.09291513378960177, -0.0029913299326806784, -0.0022246422534985275]
  distortion_model: radtan
  intrinsics: [393.5198419123395, 393.76503250724346, 328.6480398360448, 252.00143881191187]
  resolution: [640, 480]
  rostopic: /camera/front_left/image_raw
