accelerometer_noise_density: 0.005119536556707974
accelerometer_random_walk: 0.0007446449364276494
gyroscope_noise_density: 0.0010273469802412588
gyroscope_random_walk: 3.8743601798420855e-05
rostopic: /camera/realsense/imu
update_rate: 400
