cam0:
  cam_overlaps: [1]
  camera_model: pinhole
  distortion_coeffs: [-0.312301672337043, 0.07057178098208847, 0.0018492338710132529, 0.008018336283615833]
  distortion_model: radtan
  intrinsics: [390.2060154022514, 395.24663009853367, 310.491848714209, 238.02716133642798]
  resolution: [640, 480]
  rostopic: /camera/front_left/image_raw
cam1:
  T_cn_cnm1:
  - [0.4632615849175536, -0.005995437167099927, -0.8862013082098513, -0.1155954854692472]
  - [0.009601881781601176, 0.9999523772086114, -0.0017456176841307153, -0.0011314704931944977]
  - [0.886169570570965, -0.007700522581120795, 0.4632970905866442, -0.06743359011768223]
  - [0.0, 0.0, 0.0, 1.0]
  cam_overlaps: [0]
  camera_model: pinhole
  distortion_coeffs: [-0.3097449824046875, 0.06842377582678051, 0.001677201986316969, -0.009541678657139735]
  distortion_model: radtan
  intrinsics: [388.7577664315519, 395.6330495290041, 336.2011129197593, 234.25459097630343]
  resolution: [640, 480]
  rostopic: /camera/front_right/image_raw
