cam0:
  T_cam_imu:
  - [0.9999897591664515, 0.0023961925705162316, 0.0038392477628690982, 0.05625127083971264]
  - [0.0038786982796722227, -0.016682275448835215, -0.9998533179349368, -0.0341368472503501]
  - [-0.002331793703345196, 0.9998579698872293, -0.01669139871643016, -0.0656300013846567]
  - [0.0, 0.0, 0.0, 1.0]
  cam_overlaps: []
  camera_model: pinhole
  distortion_coeffs: [-0.3433580927578972, 0.10337515080245259, -0.0006314563810616071, 0.0004674376102527941]
  distortion_model: radtan
  intrinsics: [398.02035665096423, 397.364686315368, 326.0266084072755, 240.65282243901888]
  resolution: [640, 480]
  rostopic: /camera/side_left/image_raw
  timeshift_cam_imu: -0.004707443362743934
