cam0:
  cam_overlaps: []
  camera_model: pinhole
  distortion_coeffs: [-0.32461860510306206, 0.08921186381949407, 0.00046597197903338575, -0.0006544070332830659]
  distortion_model: radtan
  intrinsics: [391.2537615869891, 391.6699052461031, 325.7732105768364, 243.65641578484406]
  resolution: [640, 480]
  rostopic: /camera/front_right/image_raw
