cam0:
  T_cam_imu:
  - [-0.9999417993880533, -0.0019123365635618367, 0.010617947327482164, -0.06289659305481887]
  - [-0.010609882092464584, -0.0041793651737416825, -0.9999349795405338, -0.045780668776947184]
  - [0.001956588501836923, -0.9999894378820265, 0.004158832266670516, -0.07540599258047553]
  - [0.0, 0.0, 0.0, 1.0]
  cam_overlaps: []
  camera_model: pinhole
  distortion_coeffs: [-0.34584910320911305, 0.11686045400536463, -0.0011599065806312257, -0.00048623648288034104]
  distortion_model: radtan
  intrinsics: [392.0610931840354, 391.5972114468574, 314.7995459642098, 247.4778451842139]
  resolution: [640, 480]
  rostopic: /camera/side_right/image_raw
  timeshift_cam_imu: -0.0054646639581357155
