cam0:
  T_cam_imu:
  - [-0.9999160197374485, 0.007340134754451545, 0.010680631732387114, -0.06410733010624163]
  - [-0.01072126084638502, -0.005518323153122298, -0.9999272986949796, -0.04194880372260643]
  - [-0.007280661939697076, -0.999957834376711, 0.0055965552222451, -0.06768289210042867]
  - [0.0, 0.0, 0.0, 1.0]
  cam_overlaps: []
  camera_model: pinhole
  distortion_coeffs: [-0.3358266646965245, 0.10180877221204587, -8.911335434829571e-05, -0.0002897227755827224]
  distortion_model: radtan
  intrinsics: [392.59904852429565, 392.50624902130187, 323.4648160379844, 238.86345955126814]
  resolution: [640, 480]
  rostopic: /camera/side_right/image_raw
  timeshift_cam_imu: -0.005539621203977999
