cam0:
  T_cam_imu:
  - [0.5135661192751875, -0.8580484475167109, 0.0016440336938412514, 0.048478425426802314]
  - [0.0030580290214298755, -8.568968769639973e-05, -0.9999953205469424, -0.02269768329035229]
  - [0.8580445731960132, 0.5135687435693882, 0.0025799297339268445, -0.05737305263233292]
  - [0.0, 0.0, 0.0, 1.0]
  cam_overlaps: [1]
  camera_model: pinhole
  distortion_coeffs: [-0.312301672337043, 0.07057178098208847, 0.0018492338710132529, 0.008018336283615833]
  distortion_model: radtan
  intrinsics: [390.2060154022514, 395.24663009853367, 310.491848714209, 238.02716133642798]
  resolution: [640, 480]
  rostopic: /camera/front_left/image_raw
  timeshift_cam_imu: -0.0065033632674129736
cam1:
  T_cam_imu:
  - [-0.5225031031141427, -0.8526256623923805, 0.004470689661104366, -0.042157136438947196]
  - [0.006491266773124504, -0.009221060043647658, -0.9999364157321962, -0.02326243733133656]
  - [0.8526126733117281, -0.522440859697656, 0.010352653119008667, -0.05087946901517403]
  - [0.0, 0.0, 0.0, 1.0]
  T_cn_cnm1:
  - [0.4632615849175536, -0.005995437167099927, -0.8862013082098513, -0.1155954854692472]
  - [0.009601881781601176, 0.9999523772086114, -0.0017456176841307153, -0.0011314704931944977]
  - [0.886169570570965, -0.007700522581120795, 0.4632970905866442, -0.06743359011768223]
  - [0.0, 0.0, 0.0, 1.0]
  cam_overlaps: [0]
  camera_model: pinhole
  distortion_coeffs: [-0.3097449824046875, 0.06842377582678051, 0.001677201986316969, -0.009541678657139735]
  distortion_model: radtan
  intrinsics: [388.7577664315519, 395.6330495290041, 336.2011129197593, 234.25459097630343]
  resolution: [640, 480]
  rostopic: /camera/front_right/image_raw
  timeshift_cam_imu: -0.006169286615626142
