cam0:
  T_cam_imu:
  - [0.9999852654925536, 0.004762876742568962, 0.0026045734631171547, 0.05723908516493209]
  - [0.0026753065630012317, -0.014905350418794205, -0.9998853300572469, -0.03239169254607047]
  - [-0.0047235085036062925, 0.999877565271884, -0.014917872951205446, -0.06708283730245006]
  - [0.0, 0.0, 0.0, 1.0]
  cam_overlaps: []
  camera_model: pinhole
  distortion_coeffs: [-0.341501522923929, 0.10230247731969135, -0.00030846227394207266, 0.0005389293391860201]
  distortion_model: radtan
  intrinsics: [397.5140865834166, 397.0636155168975, 324.6509024299695, 239.43461882257037]
  resolution: [640, 480]
  rostopic: /camera/side_left/image_raw
  timeshift_cam_imu: -0.00469846572031349
