cam0:
  T_cam_imu:
  - [-0.9999507391576251, -0.0011475333100750239, 0.00985912903942235, -0.06401138141507065]
  - [-0.009851306692826127, -0.006633599539162298, -0.9999294710696313, -0.040620555694039225]
  - [0.0012128538896305583, -0.999977339005465, 0.006621968059883261, -0.08447707672574127]
  - [0.0, 0.0, 0.0, 1.0]
  cam_overlaps: []
  camera_model: pinhole
  distortion_coeffs: [-0.34745438000640294, 0.12215219289504753, 0.0003565736103299981, -0.0007521817923566013]
  distortion_model: radtan
  intrinsics: [389.1458201515726, 389.4874154490492, 315.34538578231576, 245.13929995100375]
  resolution: [640, 480]
  rostopic: /camera/side_right/image_raw
  timeshift_cam_imu: -0.005463174969400067
