imu0:
  T_i_b:
  - [1.0, 0.0, 0.0, 0.0]
  - [0.0, 1.0, 0.0, 0.0]
  - [0.0, 0.0, 1.0, 0.0]
  - [0.0, 0.0, 0.0, 1.0]
  accelerometer_noise_density: 0.027089073164427782
  accelerometer_random_walk: 0.0026405437265548015
  gyroscope_noise_density: 0.0004311627577370619
  gyroscope_random_walk: 5.5971879319209416e-05
  model: calibrated
  rostopic: /ouster/imu
  time_offset: 0.0
  update_rate: 100
imu1:
  T_i_b:
  - [0.9999999906562528, 7.59444642672689e-05, -0.00011366588147657808, -0.00046139475363226316]
  - [-7.594264658389793e-05, 0.9999999969884261, 1.5995690385611566e-05, 2.6284485103139103e-05]
  - [0.0001136670959184018, -1.5987058148286256e-05, 0.9999999934121026, 4.5648856689235767e-05]
  - [0.0, 0.0, 0.0, 1.0]
  accelerometer_noise_density: 0.02000673352767714
  accelerometer_random_walk: 0.001224627431466927
  gyroscope_noise_density: 0.0004261447516911305
  gyroscope_random_walk: 2.14534407581717e-05
  model: calibrated
  rostopic: /ouster/imu
  time_offset: 0.0
  update_rate: 100
imu2:
  T_i_b:
  - [-0.004717410253428783, -0.9999500011979188, 0.008817093896723527, 0.02043870930935513]
  - [-0.015062786738601952, -0.008745136298372536, -0.9998483060178633, -0.07761794112119443]
  - [0.9998754214881815, -0.004849504655702663, -0.01502077922166739, -0.05434456729021446]
  - [0.0, 0.0, 0.0, 1.0]
  accelerometer_noise_density: 0.005119536556707974
  accelerometer_random_walk: 0.0007446449364276494
  gyroscope_noise_density: 0.0010273469802412588
  gyroscope_random_walk: 3.8743601798420855e-05
  model: calibrated
  rostopic: /camera/realsense/imu
  time_offset: 0.0
  update_rate: 400
