cam0:
  T_cam_imu:
  - [0.9998707205615212, 0.0054364307200171665, -0.015132329127066474, 0.06582893918708715]
  - [-0.015065437389301085, -0.012141509551264085, -0.9998127906473713, -0.03466236447986266]
  - [-0.005619142287970615, 0.999911510568231, -0.012058037697093404, -0.07423917781828156]
  - [0.0, 0.0, 0.0, 1.0]
  cam_overlaps: []
  camera_model: pinhole
  distortion_coeffs: [-0.3326070585938689, 0.09642274930465562, 0.00010666290873203003, -0.0003221970539606729]
  distortion_model: radtan
  intrinsics: [393.9474439639647, 393.5941398248612, 315.28951460976816, 246.10731150441086]
  resolution: [640, 480]
  rostopic: /camera/side_left/image_raw
  timeshift_cam_imu: -0.012207202802123937
