cam0:
  T_cam_imu:
  - [-0.5042288562527589, -0.8635468125546004, 0.006337432352582439, -0.01950375315430713]
  - [-0.007773115429932476, -0.0027998330990125914, -0.9999658692231099, -0.021558898723167574]
  - [0.8635350827838709, -0.5042609081233709, -0.005300692411923366, -0.07446201533223673]
  - [0.0, 0.0, 0.0, 1.0]
  cam_overlaps: []
  camera_model: pinhole
  distortion_coeffs: [-0.33536357666440453, 0.09957282079350824, 9.010746710709095e-05, -9.774150186593746e-05]
  distortion_model: radtan
  intrinsics: [392.8388883065113, 392.31001372233374, 323.4116479165029, 242.19516510046364]
  resolution: [640, 480]
  rostopic: /camera/front_right/image_raw
  timeshift_cam_imu: -0.009398085938881378
