cam0:
  T_cam_imu:
  - [0.5026656318405305, -0.864395166695973, 0.01217613892023156, 0.03841670380820545]
  - [-0.008875443383517478, -0.01924442121958647, -0.9997754141589364, -0.03783611177035272]
  - [0.8644353585266569, 0.5024446716252126, -0.017345399514744952, -0.08637923391386211]
  - [0.0, 0.0, 0.0, 1.0]
  cam_overlaps: []
  camera_model: pinhole
  distortion_coeffs: [-0.3303435127858308, 0.09749388125740745, -0.00108783661325401, -4.242777262535522e-05]
  distortion_model: radtan
  intrinsics: [392.34599636854404, 392.10437756778765, 319.7463214625791, 247.0890147358629]
  resolution: [640, 480]
  rostopic: /camera/front_left/image_raw
  timeshift_cam_imu: 0.0013450414005087806
