cam0:
  cam_overlaps: []
  camera_model: pinhole
  distortion_coeffs: [-0.32772350969262365, 0.09163684502591998, 0.0008697162603619496, 0.00033763553008746424]
  distortion_model: radtan
  intrinsics: [392.7352416807462, 392.46761004151523, 320.3231925591704, 237.24499769351658]
  resolution: [640, 480]
  rostopic: /camera/side_right/image_raw
