image_width: 640
image_height: 480
camera_name: front_left
camera_matrix:
  rows: 3
  cols: 3
  data:
  - 392.8114151560641
  - 0.0
  - 322.4666924919608
  - 0.0
  - 392.88374894018546
  - 248.22708354340855
  - 0.0
  - 0.0
  - 1.0
distortion_model: plumb_bob
distortion_coefficients:
  rows: 1
  cols: 5
  data:
  - -0.3420086542144001
  - 0.10879941637207781
  - -0.0003229586599770064
  - -0.0004542659834325975
  - 0.0
rectification_matrix:
  rows: 3
  cols: 3
  data:
  - 1.0
  - 0.0
  - 0.0
  - 0.0
  - 1.0
  - 0.0
  - 0.0
  - 0.0
  - 1.0
projection_matrix:
  rows: 3
  cols: 4
  data:
  - 392.8114151560641
  - 0.0
  - 322.4666924919608
  - 0.0
  - 0.0
  - 392.88374894018546
  - 248.22708354340855
  - 0.0
  - 0.0
  - 0.0
  - 1.0
  - 0.0
