camera_name: front_left
image_width: 640
image_height: 480
camera_matrix:
  rows: 3
  cols: 3
  data: [393.5198419123395, 0.0, 328.6480398360448,
         0.0, 393.76503250724346, 252.00143881191187,
         0.0, 0.0, 1.0]
distortion_model: plumb_bob
distortion_coefficients:
  rows: 1
  cols: 5
  data: [-0.3244079019356779, 0.09291513378960177, -0.0029913299326806784, -0.0022246422534985275, 0.0]
rectification_matrix:
  rows: 3
  cols: 3
  data: [1.0, 0.0, 0.0,
         0.0, 1.0, 0.0,
         0.0, 0.0, 1.0]
projection_matrix:
  rows: 3
  cols: 4
  data: [393.5198419123395, 0.0, 328.6480398360448, 0.0,
         0.0, 393.76503250724346, 252.00143881191187, 0.0,
         0.0, 0.0, 1.0, 0.0]

