image_width: 640
image_height: 480
camera_name: front_left
camera_matrix:
  rows: 3
  cols: 3
  data: [396.0448141894931, 0.0, 318.5686829424395,
         0.0, 395.66844923931575, 243.1878511951306,
         0.0, 0.0, 1.0]
distortion_model: plumb_bob
distortion_coefficients:
  rows: 1
  cols: 4
  data: [-0.33627250261752856, 0.09959063135180067, 0.0013706294599354085, 0.00026761230044809986]
rectification_matrix:
  rows: 3
  cols: 3
  data: [1.0, 0.0, 0.0,
         0.0, 1.0, 0.0,
         0.0, 0.0, 1.0]
projection_matrix:
  rows: 3
  cols: 4
  data: [396.0448141894931, 0.0, 318.5686829424395, 0.0,
         0.0, 395.66844923931575, 243.1878511951306, 0.0,
         0.0, 0.0, 1.0, 0.0]

