camera_name: front_left
image_width: 640
image_height: 480
camera_matrix:
    rows: 3
    cols: 3
    data:
        [
            393.2565959647056,
            0.0,
            322.0897044999218,
            0.0,
            392.92684998747586,
            249.5044963204575,
            0.0,
            0.0,
            1.0,
        ]
distortion_model: plumb_bob
distortion_coefficients:
    rows: 1
    cols: 5
    data:
        [
            -0.3408151621858311,
            0.10718859710475025,
            -0.0011731330500286794,
            -0.00047061925564046954,
            0.0,
        ]
rectification_matrix:
    rows: 3
    cols: 3
    data: [1.0, 0.0, 0.0, 0.0, 1.0, 0.0, 0.0, 0.0, 1.0]
projection_matrix:
    rows: 3
    cols: 4
    data:
        [
            393.2565959647056,
            0.0,
            322.0897044999218,
            0.0,
            0.0,
            392.92684998747586,
            249.5044963204575,
            0.0,
            0.0,
            0.0,
            1.0,
            0.0,
        ]
