camera_name: front_right
image_width: 640
image_height: 480
camera_matrix:
    rows: 3
    cols: 3
    data:
        [
            392.8388883065113,
            0.0,
            323.4116479165029,
            0.0,
            392.31001372233374,
            242.19516510046364,
            0.0,
            0.0,
            1.0,
        ]
distortion_model: plumb_bob
distortion_coefficients:
    rows: 1
    cols: 5
    data:
        [
            -0.33536357666440453,
            0.09957282079350824,
            9.010746710709095e-05,
            -9.774150186593746e-05,
            0.0,
        ]
rectification_matrix:
    rows: 3
    cols: 3
    data: [1.0, 0.0, 0.0, 0.0, 1.0, 0.0, 0.0, 0.0, 1.0]
projection_matrix:
    rows: 3
    cols: 4
    data:
        [
            392.8388883065113,
            0.0,
            323.4116479165029,
            0.0,
            0.0,
            392.31001372233374,
            242.19516510046364,
            0.0,
            0.0,
            0.0,
            1.0,
            0.0,
        ]
