image_width: 640
image_height: 480
camera_name: front_right
camera_matrix:
  rows: 3
  cols: 3
  data:
  - 394.03538004134475
  - 0.0
  - 321.36647139265347
  - 0.0
  - 393.7334645711938
  - 242.3425205876215
  - 0.0
  - 0.0
  - 1.0
distortion_model: plumb_bob
distortion_coefficients:
  rows: 1
  cols: 5
  data:
  - -0.3384351805732969
  - 0.10202462978420083
  - -0.00021664571567149408
  - 0.00014816136191386992
  - 0.0
rectification_matrix:
  rows: 3
  cols: 3
  data:
  - 1.0
  - 0.0
  - 0.0
  - 0.0
  - 1.0
  - 0.0
  - 0.0
  - 0.0
  - 1.0
projection_matrix:
  rows: 3
  cols: 4
  data:
  - 394.03538004134475
  - 0.0
  - 321.36647139265347
  - 0.0
  - 0.0
  - 393.7334645711938
  - 242.3425205876215
  - 0.0
  - 0.0
  - 0.0
  - 1.0
  - 0.0
