camera_name: front_right
image_width: 640
image_height: 480
camera_matrix:
  rows: 3
  cols: 3
  data: [402.1174035535856, 0.0, 324.5147560075993,
         0.0, 402.1152411421357, 244.2856592964756,
         0.0, 0.0, 1.0]
distortion_model: plumb_bob
distortion_coefficients:
  rows: 1
  cols: 5
  data: [-0.35070046060377746, 0.11337663311886138, -0.0010909795133790443, 0.00025398293348416544, 0.0]
rectification_matrix:
  rows: 3
  cols: 3
  data: [1.0, 0.0, 0.0,
         0.0, 1.0, 0.0,
         0.0, 0.0, 1.0]
projection_matrix:
  rows: 3
  cols: 4
  data: [402.1174035535856, 0.0, 324.5147560075993, 0.0,
         0.0, 402.1152411421357, 244.2856592964756, 0.0,
         0.0, 0.0, 1.0, 0.0]

