camera_name: side_right
image_width: 640
image_height: 480
camera_matrix:
  rows: 3
  cols: 3
  data: [386.34806423050134, 0.0, 317.60737813821476,
         0.0, 385.8625169445687, 246.9146938522054,
         0.0, 0.0, 1.0]
distortion_model: plumb_bob
distortion_coefficients:
  rows: 1
  cols: 5
  data: [-0.34328899505475824, 0.11935125055764675, -0.00038008623018016575, -0.0016809729626813164, 0.0]
rectification_matrix:
  rows: 3
  cols: 3
  data: [1.0, 0.0, 0.0,
         0.0, 1.0, 0.0,
         0.0, 0.0, 1.0]
projection_matrix:
  rows: 3
  cols: 4
  data: [386.34806423050134, 0.0, 317.60737813821476, 0.0,
         0.0, 385.8625169445687, 246.9146938522054, 0.0,
         0.0, 0.0, 1.0, 0.0]
