camera_name: side_right
image_width: 640
image_height: 480
camera_matrix:
    rows: 3
    cols: 3
    data:
        [
            392.7352416807462,
            0.0,
            320.3231925591704,
            0.0,
            392.46761004151523,
            237.24499769351658,
            0.0,
            0.0,
            1.0,
        ]
distortion_model: plumb_bob
distortion_coefficients:
    rows: 1
    cols: 5
    data:
        [
            -0.32772350969262365,
            0.09163684502591998,
            0.0008697162603619496,
            0.00033763553008746424,
            0.0,
        ]
rectification_matrix:
    rows: 3
    cols: 3
    data: [1.0, 0.0, 0.0, 0.0, 1.0, 0.0, 0.0, 0.0, 1.0]
projection_matrix:
    rows: 3
    cols: 4
    data:
        [
            392.7352416807462,
            0.0,
            320.3231925591704,
            0.0,
            0.0,
            392.46761004151523,
            237.24499769351658,
            0.0,
            0.0,
            0.0,
            1.0,
            0.0,
        ]
