image_width: 640
image_height: 480
camera_name: side_left
camera_matrix:
  rows: 3
  cols: 3
  data:
  - 390.96396644777445
  - 0.0
  - 314.9531860050542
  - 0.0
  - 390.67392021681087
  - 246.83142317585296
  - 0.0
  - 0.0
  - 1.0
distortion_model: plumb_bob
distortion_coefficients:
  rows: 1
  cols: 5
  data:
  - -0.3387266411322653
  - 0.10577531579622686
  - -0.0007865133327070225
  - -0.0002981926316847731
  - 0.0
rectification_matrix:
  rows: 3
  cols: 3
  data:
  - 1.0
  - 0.0
  - 0.0
  - 0.0
  - 1.0
  - 0.0
  - 0.0
  - 0.0
  - 1.0
projection_matrix:
  rows: 3
  cols: 4
  data:
  - 390.96396644777445
  - 0.0
  - 314.9531860050542
  - 0.0
  - 0.0
  - 390.67392021681087
  - 246.83142317585296
  - 0.0
  - 0.0
  - 0.0
  - 1.0
  - 0.0
