camera_name: side_left
image_width: 640
image_height: 480
camera_matrix:
    rows: 3
    cols: 3
    data:
        [
            393.9474439639647,
            0.0,
            315.28951460976816,
            0.0,
            393.5941398248612,
            246.10731150441086,
            0.0,
            0.0,
            1.0,
        ]
distortion_model: plumb_bob
distortion_coefficients:
    rows: 1
    cols: 5
    data:
        [
            -0.3326070585938689,
            0.09642274930465562,
            0.00010666290873203003,
            -0.0003221970539606729,
            0.0,
        ]
rectification_matrix:
    rows: 3
    cols: 3
    data: [1.0, 0.0, 0.0, 0.0, 1.0, 0.0, 0.0, 0.0, 1.0]
projection_matrix:
    rows: 3
    cols: 4
    data:
        [
            393.9474439639647,
            0.0,
            315.28951460976816,
            0.0,
            0.0,
            393.5941398248612,
            246.10731150441086,
            0.0,
            0.0,
            0.0,
            1.0,
            0.0,
        ]
