image_width: 640
image_height: 480
camera_name: side_right
camera_matrix:
  rows: 3
  cols: 3
  data:
  - 392.59904852429565
  - 0.0
  - 323.4648160379844
  - 0.0
  - 392.50624902130187
  - 238.86345955126814
  - 0.0
  - 0.0
  - 1.0
distortion_model: plumb_bob
distortion_coefficients:
  rows: 1
  cols: 5
  data:
  - -0.3358266646965245
  - 0.10180877221204587
  - -8.911335434829571e-05
  - -0.0002897227755827224
  - 0.0
rectification_matrix:
  rows: 3
  cols: 3
  data:
  - 1.0
  - 0.0
  - 0.0
  - 0.0
  - 1.0
  - 0.0
  - 0.0
  - 0.0
  - 1.0
projection_matrix:
  rows: 3
  cols: 4
  data:
  - 392.59904852429565
  - 0.0
  - 323.4648160379844
  - 0.0
  - 0.0
  - 392.50624902130187
  - 238.86345955126814
  - 0.0
  - 0.0
  - 0.0
  - 1.0
  - 0.0
