cam0:
  T_cam_imu:
  - [-0.48743662716589586, -0.8729208830809903, 0.020363358717008506, -0.018617565267148115]
  - [-0.012795316744580343, -0.016178007327750238, -0.9997872533435836, -0.03381521856168271]
  - [0.8730646106483411, -0.4875934822780195, -0.003283545865876314, -0.05364868393206811]
  - [0.0, 0.0, 0.0, 1.0]
  cam_overlaps: []
  camera_model: pinhole
  distortion_coeffs: [-0.35138294801964, 0.1120888263383309, -0.0005511137245284194, 0.0009997109284453811]
  distortion_model: radtan
  intrinsics: [403.02592926702755, 402.82651024780995, 321.9293377230647, 242.79122225360175]
  resolution: [640, 480]
  rostopic: /camera/front_right/image_raw
  timeshift_cam_imu: -0.0010634587095305573
