cam0:
  T_cam_imu:
  - [0.9999288919536093, 0.00638519720991317, -0.010071757196060821, 0.06002549496621964]
  - [-0.009996191435000204, -0.01175798971110198, -0.9998809058256626, -0.03853332910949778]
  - [-0.006502860387607476, 0.9999104854608452, -0.01169332596976358, -0.0983728165323974]
  - [0.0, 0.0, 0.0, 1.0]
  cam_overlaps: []
  camera_model: pinhole
  distortion_coeffs: [-0.3387266411322653, 0.10577531579622686, -0.0007865133327070225, -0.0002981926316847731]
  distortion_model: radtan
  intrinsics: [390.96396644777445, 390.67392021681087, 314.9531860050542, 246.83142317585296]
  resolution: [640, 480]
  rostopic: /camera/side_left/image_raw
  timeshift_cam_imu: -0.007034674133095784
