accelerometer_noise_density: 0.027089073164427782
accelerometer_random_walk: 0.0026405437265548015
gyroscope_noise_density: 0.0004311627577370619
gyroscope_random_walk: 5.5971879319209416e-05
rostopic: /ouster/imu
update_rate: 100
