#Accelerometer
accelerometer_noise_density: 0.005417814632885556 
accelerometer_random_walk: 0.00026405437265548015 

#Gyroscope
gyroscope_noise_density: 8.623255154741238e-05 
gyroscope_random_walk: 5.5971879319209416e-06 

rostopic: '/ouster/imu' 
update_rate: 100 

