cam0:
  T_cam_imu:
  - [-0.5032760766600475, -0.8641099489258914, 0.005214099055880772, -0.017770966416004265]
  - [-0.0036913000921393047, -0.0038840904194440556, -0.9999856439695746, -0.03493967092481268]
  - [0.8641177957693622, -0.5032880984177036, -0.0012349193463980362, -0.07539551760895506]
  - [0.0, 0.0, 0.0, 1.0]
  cam_overlaps: []
  camera_model: pinhole
  distortion_coeffs: [-0.3384351805732969, 0.10202462978420083, -0.00021664571567149408, 0.00014816136191386992]
  distortion_model: radtan
  intrinsics: [394.03538004134475, 393.7334645711938, 321.36647139265347, 242.3425205876215]
  resolution: [640, 480]
  rostopic: /camera/front_right/image_raw
  timeshift_cam_imu: -0.006256523372096739
