cam0:
  T_cam_imu:
  - [0.49018183374410396, -0.8715051838897803, 0.014159248585306816, 0.02461465886291506]
  - [-0.014513936502795088, -0.024403765184313864, -0.9995968196688174, -0.04502733452462285]
  - [0.8714993491187776, 0.4897786956351427, -0.02461125326914071, -0.08039868657265307]
  - [0.0, 0.0, 0.0, 1.0]
  cam_overlaps: []
  camera_model: pinhole
  distortion_coeffs: [-0.3244079019356779, 0.09291513378960177, -0.0029913299326806784, -0.0022246422534985275]
  distortion_model: radtan
  intrinsics: [393.5198419123395, 393.76503250724346, 328.6480398360448, 252.00143881191187]
  resolution: [640, 480]
  rostopic: /camera/front_left/image_raw
  timeshift_cam_imu: 0.0013733051169191341
