cam0:
  cam_overlaps: []
  camera_model: pinhole
  distortion_coeffs: [-0.3384351805732969, 0.10202462978420083, -0.00021664571567149408, 0.00014816136191386992]
  distortion_model: radtan
  intrinsics: [394.03538004134475, 393.7334645711938, 321.36647139265347, 242.3425205876215]
  resolution: [640, 480]
  rostopic: /camera/front_right/image_raw
