cam0:
  cam_overlaps: []
  camera_model: pinhole
  distortion_coeffs: [-0.34663205730388935, 0.10816545694746758, -0.0013793000548484723, 0.0011998744222886772]
  distortion_model: radtan
  intrinsics: [401.29630399733867, 401.1902935396403, 321.56571482447936, 244.98294608938468]
  resolution: [640, 480]
  rostopic: /camera/front_right/image_raw
