cam0:
  T_cam_imu:
  - [-0.487164760356299, -0.8730384448971849, 0.021780036696385563, -0.016807751526128418]
  - [-0.016050925084301282, -0.015984408195857905, -0.9997434003275878, -0.038344720030968366]
  - [0.8731625645152963, -0.48738934377572757, -0.006226034286587176, -0.05828893877151675]
  - [0.0, 0.0, 0.0, 1.0]
  cam_overlaps: []
  camera_model: pinhole
  distortion_coeffs: [-0.34663205730388935, 0.10816545694746758, -0.0013793000548484723, 0.0011998744222886772]
  distortion_model: radtan
  intrinsics: [401.29630399733867, 401.1902935396403, 321.56571482447936, 244.98294608938468]
  resolution: [640, 480]
  rostopic: /camera/front_right/image_raw
  timeshift_cam_imu: -0.0010432971322609352
