cam0:
  T_cam_imu:
  - [-0.9999529565947253, 0.0026105923507744027, 0.00934180951667152, -0.06742767461570921]
  - [-0.00935766687621036, -0.006129514530822816, -0.9999374296035981, -0.045153440048061017]
  - [-0.0025531682477995528, -0.9999778066833258, 0.006153655231154703, -0.09428122234945183]
  - [0.0, 0.0, 0.0, 1.0]
  cam_overlaps: []
  camera_model: pinhole
  distortion_coeffs: [-0.34328899505475824, 0.11935125055764675, -0.00038008623018016575, -0.0016809729626813164]
  distortion_model: radtan
  intrinsics: [386.34806423050134, 385.8625169445687, 317.60737813821476, 246.9146938522054]
  resolution: [640, 480]
  rostopic: /camera/side_right/image_raw
  timeshift_cam_imu: -0.005459365924792495
