cam0:
  T_cam_imu:
  - [0.49748779177117264, -0.8674703482951123, -0.0010449245900464033, 0.03373449184800318]
  - [-0.014158709337728559, -0.006915498836790546, -0.9998758457057195, -0.03365463641228493]
  - [0.8673554219514235, 0.49744082130902245, -0.015722636765919673, -0.08937043010937532]
  - [0.0, 0.0, 0.0, 1.0]
  cam_overlaps: []
  camera_model: pinhole
  distortion_coeffs: [-0.3420086542144001, 0.10879941637207781, -0.0003229586599770064, -0.0004542659834325975]
  distortion_model: radtan
  intrinsics: [392.8114151560641, 392.88374894018546, 322.4666924919608, 248.22708354340855]
  resolution: [640, 480]
  rostopic: /camera/front_left/image_raw
  timeshift_cam_imu: -0.0059641504083725524
