cam0:
  cam_overlaps: []
  camera_model: pinhole
  distortion_coeffs: [-0.3514628258006846, 0.12577703035233168, 0.0003802710663442929, -0.00042396136628921287]
  distortion_model: radtan
  intrinsics: [391.15547518511625, 391.3559306204202, 314.5627296614043, 244.13672451741263]
  resolution: [640, 480]
  rostopic: /camera/side_right/image_raw
