cam0:
  T_cam_imu:
  - [0.49580411941439867, -0.8684316473155547, -0.0021792458569038775, 0.043406772474638526]
  - [-0.0170962252957218, -0.00725158842082424, -0.9998275519038335, -0.03359027363383544]
  - [0.8682660849373024, 0.4957558758160785, -0.018442270507783964, -0.0893556463623427]
  - [0.0, 0.0, 0.0, 1.0]
  cam_overlaps: []
  camera_model: pinhole
  distortion_coeffs: [-0.3408151621858311, 0.10718859710475025, -0.0011731330500286794, -0.00047061925564046954]
  distortion_model: radtan
  intrinsics: [393.2565959647056, 392.92684998747586, 322.0897044999218, 249.5044963204575]
  resolution: [640, 480]
  rostopic: /camera/front_left/image_raw
  timeshift_cam_imu: -0.008318215811686893
