imu0:
  T_i_b:
  - [1.0, 0.0, 0.0, 0.0]
  - [0.0, 1.0, 0.0, 0.0]
  - [0.0, 0.0, 1.0, 0.0]
  - [0.0, 0.0, 0.0, 1.0]
  accelerometer_noise_density: 0.027089073164427782
  accelerometer_random_walk: 0.0026405437265548015
  gyroscope_noise_density: 0.0004311627577370619
  gyroscope_random_walk: 5.5971879319209416e-05
  model: calibrated
  rostopic: /ouster/imu
  time_offset: 0.0
  update_rate: 100
imu1:
  T_i_b:
  - [0.9999999845576281, 0.00012060605924946582, -0.00012782379407215712, -0.0001916727939395943]
  - [-0.00012058748194814467, 0.999999982168492, 0.00014533297986380275, -0.0002723663098518646]
  - [0.00012784131983084647, -0.0001453175636700566, 0.9999999812697012, -0.00034647886716559584]
  - [0.0, 0.0, 0.0, 1.0]
  accelerometer_noise_density: 0.02000673352767714
  accelerometer_random_walk: 0.001224627431466927
  gyroscope_noise_density: 0.0004261447516911305
  gyroscope_random_walk: 2.14534407581717e-05
  model: calibrated
  rostopic: /ouster/imu
  time_offset: 0.0
  update_rate: 100
imu2:
  T_i_b:
  - [-0.002348103408674529, -0.9999230369154595, 0.01218222706023564, 0.022091578378651413]
  - [-0.015670127634983377, -0.012143972398372727, -0.9998034662043791, -0.08178148192692607]
  - [0.9998744588748558, -0.002538538979911298, -0.015640406310642008, -0.05398843329179983]
  - [0.0, 0.0, 0.0, 1.0]
  accelerometer_noise_density: 0.005119536556707974
  accelerometer_random_walk: 0.0007446449364276494
  gyroscope_noise_density: 0.0010273469802412588
  gyroscope_random_walk: 3.8743601798420855e-05
  model: calibrated
  rostopic: /camera/realsense/imu
  time_offset: 0.0
  update_rate: 400
