cam0:
  T_cam_imu:
  - [-0.001051999159330519, -0.9998999727222773, -0.014104532879744447, 0.03841097898828954]
  - [-0.03506240493665852, 0.014132750115026238, -0.999285191091233, -0.08804642338996685]
  - [0.9993845711525791, -0.0005567083376874504, -0.035073765380982364, -0.07950676439847523]
  - [0.0, 0.0, 0.0, 1.0]
  cam_overlaps: []
  camera_model: pinhole
  distortion_coeffs: [0.09664591489773028, -0.17898409622328165, 0.0018507932894134427, 0.0021781167451163197]
  distortion_model: radtan
  intrinsics: [601.3186411971056, 601.2768853467267, 333.27919850528497, 255.8812824984572]
  resolution: [640, 480]
  rostopic: /camera/realsense/color/image_raw
  timeshift_cam_imu: 0.022161585567642448
