cam0:
  T_cam_imu:
  - [-0.9999065031963087, 0.000956868316427704, 0.013640720976358812, -0.0674356890903007]
  - [-0.013647446425681938, -0.007414634418848343, -0.9998793779264038, -0.023012041632301854]
  - [-0.000855611937738001, -0.9999720534092237, 0.0074269999833145636, -0.06023924043377456]
  - [0.0, 0.0, 0.0, 1.0]
  cam_overlaps: []
  camera_model: pinhole
  distortion_coeffs: [-0.32772350969262365, 0.09163684502591998, 0.0008697162603619496, 0.00033763553008746424]
  distortion_model: radtan
  intrinsics: [392.7352416807462, 392.46761004151523, 320.3231925591704, 237.24499769351658]
  resolution: [640, 480]
  rostopic: /camera/side_right/image_raw
  timeshift_cam_imu: -0.009385852580947361
