cam0:
  T_cam_imu:
  - [-0.49091338764485154, -0.8709574819662241, 0.02090718627917021, -0.021784204297971514]
  - [-0.015060870707982787, -0.015510190751790484, -0.9997662747644384, -0.03628775215165778]
  - [0.8710781916708598, -0.4911135292271017, -0.005503217743064323, -0.056678421973212004]
  - [0.0, 0.0, 0.0, 1.0]
  cam_overlaps: []
  camera_model: pinhole
  distortion_coeffs: [-0.35070046060377746, 0.11337663311886138, -0.0010909795133790443, 0.00025398293348416544]
  distortion_model: radtan
  intrinsics: [402.1174035535856, 402.1152411421357, 324.5147560075993, 244.2856592964756]
  resolution: [640, 480]
  rostopic: /camera/front_right/image_raw
  timeshift_cam_imu: -0.0010401357321229623
