cam0:
  T_cam_imu:
  - [0.4966188732403891, -0.8679070959017237, 0.010342515403855557, 0.02604112736984639]
  - [-0.007734423313097094, -0.016340326993439458, -0.9998365728506622, -0.03391645192331867]
  - [0.8679342564027857, 0.4964577188413734, -0.014827675656006178, -0.07471239598513268]
  - [0.0, 0.0, 0.0, 1.0]
  cam_overlaps: []
  camera_model: pinhole
  distortion_coeffs: [-0.33157659047393234, 0.09806154779743906, -0.0011948536493189713, -0.0019292352376525912]
  distortion_model: radtan
  intrinsics: [395.84119025972154, 396.4431378178261, 325.3358565087569, 245.07585589291105]
  resolution: [640, 480]
  rostopic: /camera/front_left/image_raw
  timeshift_cam_imu: 0.001320585803296196
